{
 "cells": [
  {
   "cell_type": "markdown",
   "metadata": {},
   "source": [
    "# Predicting NBA Regular Season Record Using Lasso Regression"
   ]
  },
  {
   "cell_type": "markdown",
   "metadata": {},
   "source": [
    "##### Goals:\n",
    "- Use lasso regression on data from prior NBA seasons to determine which statistics are most important in predicting a team's regular season record\n",
    "\n",
    "##### Project Sections: \n",
    "1. Import Packages\n",
    "2. Clean Data\n",
    "3. Explore Data with Visualizations\n",
    "4. Train and Test a Lasso Regression Model\n",
    "5. Bonus Analysis of Timberwolves 2021-2022 Season\n",
    "\n",
    "##### Data:\n",
    "- Downloaded from https://www.basketball-reference.com/\n",
    "- 150 observations: 30 NBA teams' data from the following 5 regular seasons: 2015-2016, 2016-2017, 2017-2018, 2018-2019, 2020-2021\n",
    "- 1 response variable: \n",
    "    - W: Regular season wins\n",
    "- 31 predictor variables:\n",
    "    - MP: Average minutes played per game\n",
    "    - FG: Average number of field goals per game\n",
    "    - FGA: Average number of field goal attempts per game\n",
    "    - FG%: Field goal percentage\n",
    "    - 3P: Average 3 point shots made per game\n",
    "    - 3PA: Average 3 point shots attempts per game\n",
    "    - 3P%: 3 point shot percentage\n",
    "    - 2P: Average 2 point shots made per game\n",
    "    - 2PA: Average 2 point shot attempts per game\n",
    "    - 2P%: 2 point shot percentage\n",
    "    - FT: Average free throws made per game\n",
    "    - FTA: Average free throws attempted per game\n",
    "    - FT%: Free throw percentage\n",
    "    - ORB: Average offensive rebounds per game\n",
    "    - DRB: Average defensive rebounds per game\n",
    "    - TRB: Average total rebounds per game\n",
    "    - AST: Average assists per game\n",
    "    - STL: Average steals per game\n",
    "    - BLK: Average blocks per game\n",
    "    - TOV: Average turnovers per game\n",
    "    - PF: Average personal fouls per game\n",
    "    - PTS: Average points scored per game\n",
    "    - Age: Average age of the players on the team\n",
    "    - eFG%: Effective field goal percentage - similar to FG% except more weight is given to 3 pointers than 2 pointers\n",
    "    - TOV%: Turnover percentage - number of turnovers per 100 plays\n",
    "    - ORB%: Offensive rebound percentage \n",
    "    - FT/FGA: Free throws per field goal attempt\n",
    "    - OeFG%: Opponents' effective field goal percentage\n",
    "    - OTOV%: Opponents' turnover percentage\n",
    "    - DRB%: Defensive rebound percentage \n",
    "    - OFT/FGA: Opponents' free throws per field goal attempt\n"
   ]
  },
  {
   "cell_type": "markdown",
   "metadata": {},
   "source": [
    "## 1. Import Packages"
   ]
  },
  {
   "cell_type": "code",
   "execution_count": 1,
   "metadata": {},
   "outputs": [],
   "source": [
    "import warnings\n",
    "warnings.filterwarnings('ignore')\n",
    "import numpy as np\n",
    "import pandas as pd\n",
    "from scipy import stats\n",
    "import matplotlib.pyplot as plt \n",
    "import seaborn as sns\n",
    "import os\n",
    "import re\n",
    "import statsmodels.api as sm\n",
    "from sklearn.model_selection import train_test_split\n",
    "from sklearn.metrics import r2_score\n",
    "from statsmodels.stats.outliers_influence import variance_inflation_factor\n",
    "from sklearn.preprocessing import StandardScaler\n",
    "from sklearn.linear_model import LassoCV"
   ]
  },
  {
   "cell_type": "markdown",
   "metadata": {},
   "source": [
    "## 2. Clean Data"
   ]
  },
  {
   "cell_type": "markdown",
   "metadata": {},
   "source": [
    "We analyze data from the 5 most recent past NBA seasons not including the 2019-2020 season.  Because not all teams played the same number of games during the NBA 2019-2020 season, we exclude this data to avoid introducing unecessary variance into our analysis.  We also standardize the Wins response variable since the 2015-2016, 2016-2017, 2017-2018, and 2018-2019 seasons consisted of more games than the 2020-2021 season (82 vs. 72 games, respectively)."
   ]
  },
  {
   "cell_type": "code",
   "execution_count": 2,
   "metadata": {},
   "outputs": [],
   "source": [
    "# Scrape regular season data from basketball-reference.com\n",
    "# 2015-2016\n",
    "season_16 = pd.read_html('https://www.basketball-reference.com/leagues/NBA_2016.html#advanced-team')\n",
    "# 2016-2017\n",
    "season_17 = pd.read_html('https://www.basketball-reference.com/leagues/NBA_2017.html#advanced-team')\n",
    "# 2017-2018\n",
    "season_18 = pd.read_html('https://www.basketball-reference.com/leagues/NBA_2018.html#advanced-team')\n",
    "# 2018_2019\n",
    "season_19 = pd.read_html('https://www.basketball-reference.com/leagues/NBA_2019.html#advanced-team')\n",
    "# 2020_2021\n",
    "season_21 = pd.read_html('https://www.basketball-reference.com/leagues/NBA_2021.html#advanced-team')"
   ]
  },
  {
   "cell_type": "code",
   "execution_count": 3,
   "metadata": {},
   "outputs": [],
   "source": [
    "# Simple per game stats\n",
    "pg_season_16 = season_16[4][:30].drop(columns='Rk').drop(columns='G')\n",
    "pg_season_17 = season_17[4][:30].drop(columns='Rk').drop(columns='G')\n",
    "pg_season_18 = season_18[4][:30].drop(columns='Rk').drop(columns='G')\n",
    "pg_season_19 = season_19[4][:30].drop(columns='Rk').drop(columns='G')\n",
    "pg_season_21 = season_21[4][:30].drop(columns='Rk').drop(columns='G')\n",
    "\n",
    "# Advanced stats\n",
    "adv_season_16 = season_16[10][[u'Unnamed: 1_level_0',u'Unnamed: 2_level_0',u'Unnamed: 3_level_0','Offense Four Factors','Defense Four Factors']][:30].droplevel(0,axis=1)\n",
    "adv_season_16.columns = ['Team','Age','W','eFG%','TOV%','ORB%','FT/FGA','OeFG%','OTOV%','DRB%','OFT/FGA']\n",
    "adv_season_17 = season_17[10][[u'Unnamed: 1_level_0',u'Unnamed: 2_level_0',u'Unnamed: 3_level_0','Offense Four Factors','Defense Four Factors']][:30].droplevel(0,axis=1)\n",
    "adv_season_17.columns = ['Team','Age','W','eFG%','TOV%','ORB%','FT/FGA','OeFG%','OTOV%','DRB%','OFT/FGA']\n",
    "adv_season_18 = season_18[10][[u'Unnamed: 1_level_0',u'Unnamed: 2_level_0',u'Unnamed: 3_level_0','Offense Four Factors','Defense Four Factors']][:30].droplevel(0,axis=1)\n",
    "adv_season_18.columns = ['Team','Age','W','eFG%','TOV%','ORB%','FT/FGA','OeFG%','OTOV%','DRB%','OFT/FGA']\n",
    "adv_season_19 = season_19[10][[u'Unnamed: 1_level_0',u'Unnamed: 2_level_0',u'Unnamed: 3_level_0','Offense Four Factors','Defense Four Factors']][:30].droplevel(0,axis=1)\n",
    "adv_season_19.columns = ['Team','Age','W','eFG%','TOV%','ORB%','FT/FGA','OeFG%','OTOV%','DRB%','OFT/FGA']\n",
    "adv_season_21 = season_21[10][[u'Unnamed: 1_level_0',u'Unnamed: 2_level_0',u'Unnamed: 3_level_0','Offense Four Factors','Defense Four Factors']][:30].droplevel(0,axis=1)\n",
    "adv_season_21.columns = ['Team','Age','W','eFG%','TOV%','ORB%','FT/FGA','OeFG%','OTOV%','DRB%','OFT/FGA']\n",
    "\n",
    "# Merge simple per game stats tables to advanced stats tables\n",
    "season1_16 = pg_season_16.merge(adv_season_16, left_on='Team', right_on='Team')\n",
    "season1_17 = pg_season_17.merge(adv_season_17, left_on='Team', right_on='Team')\n",
    "season1_18 = pg_season_18.merge(adv_season_18, left_on='Team', right_on='Team')\n",
    "season1_19 = pg_season_19.merge(adv_season_19, left_on='Team', right_on='Team')\n",
    "season1_21 = pg_season_21.merge(adv_season_21, left_on='Team', right_on='Team')\n",
    "\n",
    "# Standard normalize Wins variable in each season\n",
    "season1_16['W'] = (season1_16['W']-season1_16['W'].mean())/season1_16['W'].std()\n",
    "season1_17['W'] = (season1_17['W']-season1_17['W'].mean())/season1_17['W'].std()\n",
    "season1_18['W'] = (season1_18['W']-season1_18['W'].mean())/season1_18['W'].std()\n",
    "season1_19['W'] = (season1_19['W']-season1_19['W'].mean())/season1_19['W'].std()\n",
    "season1_21['W'] = (season1_21['W']-season1_21['W'].mean())/season1_21['W'].std()\n",
    "\n",
    "# Append data from the 5 seasons together\n",
    "season_data = season1_16.append(season1_17).append(season1_18).append(season1_19).append(season1_21).drop(columns=['Team']).reset_index(drop=True)"
   ]
  },
  {
   "cell_type": "markdown",
   "metadata": {},
   "source": [
    "## 3. Explore Data with Visualizations"
   ]
  },
  {
   "cell_type": "code",
   "execution_count": 4,
   "metadata": {},
   "outputs": [
    {
     "data": {
      "text/plain": [
       "150"
      ]
     },
     "execution_count": 4,
     "metadata": {},
     "output_type": "execute_result"
    }
   ],
   "source": [
    "# Confirm that our data set has the correct number of rows (5 seasons x 30 teams)\n",
    "season_data.shape[0]"
   ]
  },
  {
   "cell_type": "code",
   "execution_count": 5,
   "metadata": {},
   "outputs": [
    {
     "data": {
      "text/plain": [
       "MP         0\n",
       "FG         0\n",
       "FGA        0\n",
       "FG%        0\n",
       "3P         0\n",
       "3PA        0\n",
       "3P%        0\n",
       "2P         0\n",
       "2PA        0\n",
       "2P%        0\n",
       "FT         0\n",
       "FTA        0\n",
       "FT%        0\n",
       "ORB        0\n",
       "DRB        0\n",
       "TRB        0\n",
       "AST        0\n",
       "STL        0\n",
       "BLK        0\n",
       "TOV        0\n",
       "PF         0\n",
       "PTS        0\n",
       "Age        0\n",
       "W          0\n",
       "eFG%       0\n",
       "TOV%       0\n",
       "ORB%       0\n",
       "FT/FGA     0\n",
       "OeFG%      0\n",
       "OTOV%      0\n",
       "DRB%       0\n",
       "OFT/FGA    0\n",
       "dtype: int64"
      ]
     },
     "execution_count": 5,
     "metadata": {},
     "output_type": "execute_result"
    }
   ],
   "source": [
    "# Confirm that none of our variables have null values\n",
    "season_data.isnull().sum()"
   ]
  },
  {
   "cell_type": "code",
   "execution_count": 6,
   "metadata": {},
   "outputs": [
    {
     "data": {
      "text/plain": [
       "MP         float64\n",
       "FG         float64\n",
       "FGA        float64\n",
       "FG%        float64\n",
       "3P         float64\n",
       "3PA        float64\n",
       "3P%        float64\n",
       "2P         float64\n",
       "2PA        float64\n",
       "2P%        float64\n",
       "FT         float64\n",
       "FTA        float64\n",
       "FT%        float64\n",
       "ORB        float64\n",
       "DRB        float64\n",
       "TRB        float64\n",
       "AST        float64\n",
       "STL        float64\n",
       "BLK        float64\n",
       "TOV        float64\n",
       "PF         float64\n",
       "PTS        float64\n",
       "Age        float64\n",
       "W          float64\n",
       "eFG%       float64\n",
       "TOV%       float64\n",
       "ORB%       float64\n",
       "FT/FGA     float64\n",
       "OeFG%      float64\n",
       "OTOV%      float64\n",
       "DRB%       float64\n",
       "OFT/FGA    float64\n",
       "dtype: object"
      ]
     },
     "execution_count": 6,
     "metadata": {},
     "output_type": "execute_result"
    }
   ],
   "source": [
    "# All of our stats variables are already floats so there is no need to transform variables into floats\n",
    "season_data.dtypes"
   ]
  },
  {
   "cell_type": "markdown",
   "metadata": {},
   "source": [
    "#### Analyze Correlations between Variables:\n",
    "We find that the following statistics are highly correlated, i.e., they have a Pearson correlation coefficient greater than .9 or less than -.9:\n",
    "- 3P correlated with 3PA\n",
    "    - We are not surprised that as 3 pt shot attempts increases 3 pt shots made increases\n",
    "    - We throw out 3PA and keep 3P since 3P is more correlated with wins W\n",
    "- 2P% correlated with eFG%\n",
    "    - Both 2P% and eFG% are very closely related to FG%, so we are not surprised that these two statistics are correlated\n",
    "    - We throw out 2P% and keep eFG% since eFG% is more correlated with wins W\n",
    "- ORB correlated with ORB%\n",
    "    - We are not surprised that a team that averages many offensive rebounds per game is highly efficient at rebounding their missed shots, i.e, has a high ORB%\n",
    "    - We keep ORB% and throw out ORB since ORB% is more correlated with W\n",
    "- TOV correlated with TOV%\n",
    "    - We are not surprised that a team that averages many turnovers per game has a high TOV%\n",
    "    - TOV is marginally more correlated with W, so we throw out TOV% and keep TOV\n",
    "- FT/FGA correlated with FT \n",
    "    - We are not surprised that a team that averages a high number of free throws per field goal attempt shoots many free throws and makes many free throws\n",
    "    - We throw out FT/FGA and keep FT since FT is marginally more correlated with W\n",
    "- FT correlated with FTA and FT/FGA\n",
    "    - We are not surprised that as FT made increases as free throws attempted and free throws per field goal attempt increases\n",
    "    - We have already thrown out FT/FGA.  Now we throw out FTA and keep FT since FT is more correlated with W"
   ]
  },
  {
   "cell_type": "code",
   "execution_count": 7,
   "metadata": {},
   "outputs": [
    {
     "data": {
      "text/html": [
       "<div>\n",
       "<style scoped>\n",
       "    .dataframe tbody tr th:only-of-type {\n",
       "        vertical-align: middle;\n",
       "    }\n",
       "\n",
       "    .dataframe tbody tr th {\n",
       "        vertical-align: top;\n",
       "    }\n",
       "\n",
       "    .dataframe thead th {\n",
       "        text-align: right;\n",
       "    }\n",
       "</style>\n",
       "<table border=\"1\" class=\"dataframe\">\n",
       "  <thead>\n",
       "    <tr style=\"text-align: right;\">\n",
       "      <th></th>\n",
       "      <th>3P</th>\n",
       "      <th>3PA</th>\n",
       "      <th>2P%</th>\n",
       "      <th>FT</th>\n",
       "      <th>FTA</th>\n",
       "      <th>ORB</th>\n",
       "      <th>TOV</th>\n",
       "      <th>eFG%</th>\n",
       "      <th>TOV%</th>\n",
       "      <th>ORB%</th>\n",
       "      <th>FT/FGA</th>\n",
       "      <th>W</th>\n",
       "    </tr>\n",
       "  </thead>\n",
       "  <tbody>\n",
       "    <tr>\n",
       "      <th>3P</th>\n",
       "      <td>1.000000</td>\n",
       "      <td>0.972861</td>\n",
       "      <td>0.643836</td>\n",
       "      <td>-0.079891</td>\n",
       "      <td>-0.139909</td>\n",
       "      <td>-0.207544</td>\n",
       "      <td>-0.083031</td>\n",
       "      <td>0.717416</td>\n",
       "      <td>-0.205898</td>\n",
       "      <td>-0.268928</td>\n",
       "      <td>-0.210042</td>\n",
       "      <td>0.306335</td>\n",
       "    </tr>\n",
       "    <tr>\n",
       "      <th>3PA</th>\n",
       "      <td>0.972861</td>\n",
       "      <td>1.000000</td>\n",
       "      <td>0.606188</td>\n",
       "      <td>-0.055462</td>\n",
       "      <td>-0.082679</td>\n",
       "      <td>-0.158670</td>\n",
       "      <td>-0.031067</td>\n",
       "      <td>0.601934</td>\n",
       "      <td>-0.175658</td>\n",
       "      <td>-0.266584</td>\n",
       "      <td>-0.198662</td>\n",
       "      <td>0.177568</td>\n",
       "    </tr>\n",
       "    <tr>\n",
       "      <th>2P%</th>\n",
       "      <td>0.643836</td>\n",
       "      <td>0.606188</td>\n",
       "      <td>1.000000</td>\n",
       "      <td>0.057377</td>\n",
       "      <td>0.003309</td>\n",
       "      <td>-0.245688</td>\n",
       "      <td>0.063216</td>\n",
       "      <td>0.919864</td>\n",
       "      <td>-0.043877</td>\n",
       "      <td>-0.142683</td>\n",
       "      <td>-0.040136</td>\n",
       "      <td>0.520764</td>\n",
       "    </tr>\n",
       "    <tr>\n",
       "      <th>FT</th>\n",
       "      <td>-0.079891</td>\n",
       "      <td>-0.055462</td>\n",
       "      <td>0.057377</td>\n",
       "      <td>1.000000</td>\n",
       "      <td>0.912032</td>\n",
       "      <td>0.226641</td>\n",
       "      <td>0.078342</td>\n",
       "      <td>-0.013647</td>\n",
       "      <td>0.007226</td>\n",
       "      <td>0.270982</td>\n",
       "      <td>0.953911</td>\n",
       "      <td>0.153232</td>\n",
       "    </tr>\n",
       "    <tr>\n",
       "      <th>FTA</th>\n",
       "      <td>-0.139909</td>\n",
       "      <td>-0.082679</td>\n",
       "      <td>0.003309</td>\n",
       "      <td>0.912032</td>\n",
       "      <td>1.000000</td>\n",
       "      <td>0.334357</td>\n",
       "      <td>0.227505</td>\n",
       "      <td>-0.111491</td>\n",
       "      <td>0.137228</td>\n",
       "      <td>0.334348</td>\n",
       "      <td>0.873129</td>\n",
       "      <td>0.057868</td>\n",
       "    </tr>\n",
       "    <tr>\n",
       "      <th>ORB</th>\n",
       "      <td>-0.207544</td>\n",
       "      <td>-0.158670</td>\n",
       "      <td>-0.245688</td>\n",
       "      <td>0.226641</td>\n",
       "      <td>0.334357</td>\n",
       "      <td>1.000000</td>\n",
       "      <td>0.194512</td>\n",
       "      <td>-0.306531</td>\n",
       "      <td>0.045430</td>\n",
       "      <td>0.930746</td>\n",
       "      <td>0.112585</td>\n",
       "      <td>-0.028182</td>\n",
       "    </tr>\n",
       "    <tr>\n",
       "      <th>TOV</th>\n",
       "      <td>-0.083031</td>\n",
       "      <td>-0.031067</td>\n",
       "      <td>0.063216</td>\n",
       "      <td>0.078342</td>\n",
       "      <td>0.227505</td>\n",
       "      <td>0.194512</td>\n",
       "      <td>1.000000</td>\n",
       "      <td>-0.046933</td>\n",
       "      <td>0.942440</td>\n",
       "      <td>0.214926</td>\n",
       "      <td>0.087589</td>\n",
       "      <td>-0.260438</td>\n",
       "    </tr>\n",
       "    <tr>\n",
       "      <th>eFG%</th>\n",
       "      <td>0.717416</td>\n",
       "      <td>0.601934</td>\n",
       "      <td>0.919864</td>\n",
       "      <td>-0.013647</td>\n",
       "      <td>-0.111491</td>\n",
       "      <td>-0.306531</td>\n",
       "      <td>-0.046933</td>\n",
       "      <td>1.000000</td>\n",
       "      <td>-0.117318</td>\n",
       "      <td>-0.172180</td>\n",
       "      <td>-0.091069</td>\n",
       "      <td>0.636454</td>\n",
       "    </tr>\n",
       "    <tr>\n",
       "      <th>TOV%</th>\n",
       "      <td>-0.205898</td>\n",
       "      <td>-0.175658</td>\n",
       "      <td>-0.043877</td>\n",
       "      <td>0.007226</td>\n",
       "      <td>0.137228</td>\n",
       "      <td>0.045430</td>\n",
       "      <td>0.942440</td>\n",
       "      <td>-0.117318</td>\n",
       "      <td>1.000000</td>\n",
       "      <td>0.142426</td>\n",
       "      <td>0.114614</td>\n",
       "      <td>-0.248213</td>\n",
       "    </tr>\n",
       "    <tr>\n",
       "      <th>ORB%</th>\n",
       "      <td>-0.268928</td>\n",
       "      <td>-0.266584</td>\n",
       "      <td>-0.142683</td>\n",
       "      <td>0.270982</td>\n",
       "      <td>0.334348</td>\n",
       "      <td>0.930746</td>\n",
       "      <td>0.214926</td>\n",
       "      <td>-0.172180</td>\n",
       "      <td>0.142426</td>\n",
       "      <td>1.000000</td>\n",
       "      <td>0.225588</td>\n",
       "      <td>0.159569</td>\n",
       "    </tr>\n",
       "    <tr>\n",
       "      <th>FT/FGA</th>\n",
       "      <td>-0.210042</td>\n",
       "      <td>-0.198662</td>\n",
       "      <td>-0.040136</td>\n",
       "      <td>0.953911</td>\n",
       "      <td>0.873129</td>\n",
       "      <td>0.112585</td>\n",
       "      <td>0.087589</td>\n",
       "      <td>-0.091069</td>\n",
       "      <td>0.114614</td>\n",
       "      <td>0.225588</td>\n",
       "      <td>1.000000</td>\n",
       "      <td>0.150892</td>\n",
       "    </tr>\n",
       "    <tr>\n",
       "      <th>W</th>\n",
       "      <td>0.306335</td>\n",
       "      <td>0.177568</td>\n",
       "      <td>0.520764</td>\n",
       "      <td>0.153232</td>\n",
       "      <td>0.057868</td>\n",
       "      <td>-0.028182</td>\n",
       "      <td>-0.260438</td>\n",
       "      <td>0.636454</td>\n",
       "      <td>-0.248213</td>\n",
       "      <td>0.159569</td>\n",
       "      <td>0.150892</td>\n",
       "      <td>1.000000</td>\n",
       "    </tr>\n",
       "  </tbody>\n",
       "</table>\n",
       "</div>"
      ],
      "text/plain": [
       "              3P       3PA       2P%        FT       FTA       ORB       TOV  \\\n",
       "3P      1.000000  0.972861  0.643836 -0.079891 -0.139909 -0.207544 -0.083031   \n",
       "3PA     0.972861  1.000000  0.606188 -0.055462 -0.082679 -0.158670 -0.031067   \n",
       "2P%     0.643836  0.606188  1.000000  0.057377  0.003309 -0.245688  0.063216   \n",
       "FT     -0.079891 -0.055462  0.057377  1.000000  0.912032  0.226641  0.078342   \n",
       "FTA    -0.139909 -0.082679  0.003309  0.912032  1.000000  0.334357  0.227505   \n",
       "ORB    -0.207544 -0.158670 -0.245688  0.226641  0.334357  1.000000  0.194512   \n",
       "TOV    -0.083031 -0.031067  0.063216  0.078342  0.227505  0.194512  1.000000   \n",
       "eFG%    0.717416  0.601934  0.919864 -0.013647 -0.111491 -0.306531 -0.046933   \n",
       "TOV%   -0.205898 -0.175658 -0.043877  0.007226  0.137228  0.045430  0.942440   \n",
       "ORB%   -0.268928 -0.266584 -0.142683  0.270982  0.334348  0.930746  0.214926   \n",
       "FT/FGA -0.210042 -0.198662 -0.040136  0.953911  0.873129  0.112585  0.087589   \n",
       "W       0.306335  0.177568  0.520764  0.153232  0.057868 -0.028182 -0.260438   \n",
       "\n",
       "            eFG%      TOV%      ORB%    FT/FGA         W  \n",
       "3P      0.717416 -0.205898 -0.268928 -0.210042  0.306335  \n",
       "3PA     0.601934 -0.175658 -0.266584 -0.198662  0.177568  \n",
       "2P%     0.919864 -0.043877 -0.142683 -0.040136  0.520764  \n",
       "FT     -0.013647  0.007226  0.270982  0.953911  0.153232  \n",
       "FTA    -0.111491  0.137228  0.334348  0.873129  0.057868  \n",
       "ORB    -0.306531  0.045430  0.930746  0.112585 -0.028182  \n",
       "TOV    -0.046933  0.942440  0.214926  0.087589 -0.260438  \n",
       "eFG%    1.000000 -0.117318 -0.172180 -0.091069  0.636454  \n",
       "TOV%   -0.117318  1.000000  0.142426  0.114614 -0.248213  \n",
       "ORB%   -0.172180  0.142426  1.000000  0.225588  0.159569  \n",
       "FT/FGA -0.091069  0.114614  0.225588  1.000000  0.150892  \n",
       "W       0.636454 -0.248213  0.159569  0.150892  1.000000  "
      ]
     },
     "execution_count": 7,
     "metadata": {},
     "output_type": "execute_result"
    }
   ],
   "source": [
    "# Turn column names into a list\n",
    "corr_columns = season_data.columns.tolist()\n",
    "# Find variables that have correlation > .9 or correlation < -.9 with at least one other variable\n",
    "high_corr = (season_data.corr().abs() > .9).sum() > 1\n",
    "# Create a list out of the high_corr variables\n",
    "high_corr_columns = [i for indx,i in enumerate(corr_columns) if high_corr[indx] == True]\n",
    "# Find correlations between high_corr variables and the W variable\n",
    "season_data[high_corr_columns + ['W']].corr()"
   ]
  },
  {
   "cell_type": "code",
   "execution_count": 8,
   "metadata": {},
   "outputs": [],
   "source": [
    "# Drop correlated columns referenced above\n",
    "season_data1 = season_data.drop(columns=['3PA','2P%','ORB','TOV%','FT/FGA','FTA'])"
   ]
  },
  {
   "cell_type": "markdown",
   "metadata": {},
   "source": [
    "After removing variables that had a PCC greater than .9 or less than -.9 with other another variable, we now proceed to remove variables that have PCC greater than .7 or less than -.7.  We could have removed variables with PCC greater than .7 or less than -.7 in 1 step instead of 2.  However, removing variables in 2 steps allows us to work with smaller data sets that are easier to analyze.\n",
    "\n",
    "- eFG% correlated with FG, FG%, 3P, PTS\n",
    "    - We are not surprised that the latter 4 statistics are correlated with eFG% since all 5 statistics are related to shooting\n",
    "    - eFG% is more correlated with W than any of the following 4 stats, so we throw these 4 variables out\n",
    "- FG correlated with FGA, FG%, AST, PTS, eFG%\n",
    "    - We are not surprised that FG is correlated with AST since when AST increases FG necessarily increases\n",
    "    - We have already thrown out FG, FG%, and PTS \n",
    "- FG% correlated with FG and eFG%\n",
    "    - We are not surprised that the latter 2 are correlated with FG% since all 3 statistics are related to shooting\n",
    "    - We have already thrown out FG and FG%\n",
    "- 3P correlated with 2PA, PTS, eFG%\n",
    "    - We are not surprised that the latter 3 are correlated with 3P since all 4 are related to shooting\n",
    "    - We have already thrown out 3P and PTS\n",
    "- 2P correlated with 2PA\n",
    "    - We are not surprised that increasing 2 pt shot attempts increases 2 pt shots made\n",
    "    - 2PA is more correlated with W than 2P is correlated with W, so we throw out 2P\n",
    "- 2PA correlated with 3P, 2P\n",
    "    - Interestingly, as 2PA increases 3P decreases.  This makes sense as more 2 pt attempts means fewer 3 pt attempts.\n",
    "    - We have already thrown out 3P and 2P\n",
    "- DRB correlated with TRB\n",
    "    - We are not surprised that total rebounds per game increases as defensive rebounds per game increases\n",
    "    - DRP is more correlated with W than TRB is correlated with W, so we throw out TRB\n",
    "- STL correlated with OTOV%\n",
    "    - We are not surprised that as a team's steals increase the team's opponents turn the ball over more\n",
    "    - STL is more correlated with W than OTOV% is correlated with W, so we throw out OTOV%\n",
    "- PF correlated with OFT/FGA\n",
    "    - We are not surprised that as a team fouls its opponents more its opponents make more three throws per field goal attempt\n",
    "    - OFT/FGA is more correlated with W than PF is correlated with W, so we throw out PF"
   ]
  },
  {
   "cell_type": "code",
   "execution_count": 9,
   "metadata": {},
   "outputs": [
    {
     "data": {
      "text/html": [
       "<div>\n",
       "<style scoped>\n",
       "    .dataframe tbody tr th:only-of-type {\n",
       "        vertical-align: middle;\n",
       "    }\n",
       "\n",
       "    .dataframe tbody tr th {\n",
       "        vertical-align: top;\n",
       "    }\n",
       "\n",
       "    .dataframe thead th {\n",
       "        text-align: right;\n",
       "    }\n",
       "</style>\n",
       "<table border=\"1\" class=\"dataframe\">\n",
       "  <thead>\n",
       "    <tr style=\"text-align: right;\">\n",
       "      <th></th>\n",
       "      <th>FG</th>\n",
       "      <th>FGA</th>\n",
       "      <th>FG%</th>\n",
       "      <th>3P</th>\n",
       "      <th>2P</th>\n",
       "      <th>2PA</th>\n",
       "      <th>DRB</th>\n",
       "      <th>TRB</th>\n",
       "      <th>AST</th>\n",
       "      <th>STL</th>\n",
       "      <th>PF</th>\n",
       "      <th>PTS</th>\n",
       "      <th>eFG%</th>\n",
       "      <th>OTOV%</th>\n",
       "      <th>OFT/FGA</th>\n",
       "      <th>W</th>\n",
       "    </tr>\n",
       "  </thead>\n",
       "  <tbody>\n",
       "    <tr>\n",
       "      <th>FG</th>\n",
       "      <td>1.000000</td>\n",
       "      <td>0.726825</td>\n",
       "      <td>0.771789</td>\n",
       "      <td>0.452113</td>\n",
       "      <td>0.447535</td>\n",
       "      <td>-0.035679</td>\n",
       "      <td>0.540763</td>\n",
       "      <td>0.467611</td>\n",
       "      <td>0.737667</td>\n",
       "      <td>0.109194</td>\n",
       "      <td>-0.045813</td>\n",
       "      <td>0.888550</td>\n",
       "      <td>0.752593</td>\n",
       "      <td>-0.220829</td>\n",
       "      <td>-0.268987</td>\n",
       "      <td>0.421540</td>\n",
       "    </tr>\n",
       "    <tr>\n",
       "      <th>FGA</th>\n",
       "      <td>0.726825</td>\n",
       "      <td>1.000000</td>\n",
       "      <td>0.125149</td>\n",
       "      <td>0.446355</td>\n",
       "      <td>0.205933</td>\n",
       "      <td>0.000007</td>\n",
       "      <td>0.486354</td>\n",
       "      <td>0.572870</td>\n",
       "      <td>0.441274</td>\n",
       "      <td>-0.008405</td>\n",
       "      <td>0.072880</td>\n",
       "      <td>0.671284</td>\n",
       "      <td>0.263452</td>\n",
       "      <td>-0.292284</td>\n",
       "      <td>-0.193837</td>\n",
       "      <td>-0.026416</td>\n",
       "    </tr>\n",
       "    <tr>\n",
       "      <th>FG%</th>\n",
       "      <td>0.771789</td>\n",
       "      <td>0.125149</td>\n",
       "      <td>1.000000</td>\n",
       "      <td>0.241669</td>\n",
       "      <td>0.454538</td>\n",
       "      <td>-0.053478</td>\n",
       "      <td>0.331408</td>\n",
       "      <td>0.147461</td>\n",
       "      <td>0.660595</td>\n",
       "      <td>0.171814</td>\n",
       "      <td>-0.133616</td>\n",
       "      <td>0.663323</td>\n",
       "      <td>0.844710</td>\n",
       "      <td>-0.043753</td>\n",
       "      <td>-0.212714</td>\n",
       "      <td>0.635589</td>\n",
       "    </tr>\n",
       "    <tr>\n",
       "      <th>3P</th>\n",
       "      <td>0.452113</td>\n",
       "      <td>0.446355</td>\n",
       "      <td>0.241669</td>\n",
       "      <td>1.000000</td>\n",
       "      <td>-0.595014</td>\n",
       "      <td>-0.865031</td>\n",
       "      <td>0.408844</td>\n",
       "      <td>0.217249</td>\n",
       "      <td>0.423922</td>\n",
       "      <td>-0.075682</td>\n",
       "      <td>-0.049518</td>\n",
       "      <td>0.704784</td>\n",
       "      <td>0.717416</td>\n",
       "      <td>-0.258458</td>\n",
       "      <td>-0.256452</td>\n",
       "      <td>0.306335</td>\n",
       "    </tr>\n",
       "    <tr>\n",
       "      <th>2P</th>\n",
       "      <td>0.447535</td>\n",
       "      <td>0.205933</td>\n",
       "      <td>0.454538</td>\n",
       "      <td>-0.595014</td>\n",
       "      <td>1.000000</td>\n",
       "      <td>0.835056</td>\n",
       "      <td>0.076537</td>\n",
       "      <td>0.202090</td>\n",
       "      <td>0.241294</td>\n",
       "      <td>0.176224</td>\n",
       "      <td>0.008187</td>\n",
       "      <td>0.093086</td>\n",
       "      <td>-0.040001</td>\n",
       "      <td>0.062992</td>\n",
       "      <td>0.015446</td>\n",
       "      <td>0.073608</td>\n",
       "    </tr>\n",
       "    <tr>\n",
       "      <th>2PA</th>\n",
       "      <td>-0.035679</td>\n",
       "      <td>0.000007</td>\n",
       "      <td>-0.053478</td>\n",
       "      <td>-0.865031</td>\n",
       "      <td>0.835056</td>\n",
       "      <td>1.000000</td>\n",
       "      <td>-0.159402</td>\n",
       "      <td>0.069056</td>\n",
       "      <td>-0.180733</td>\n",
       "      <td>0.069711</td>\n",
       "      <td>0.040568</td>\n",
       "      <td>-0.374102</td>\n",
       "      <td>-0.542842</td>\n",
       "      <td>0.113222</td>\n",
       "      <td>0.154286</td>\n",
       "      <td>-0.217887</td>\n",
       "    </tr>\n",
       "    <tr>\n",
       "      <th>DRB</th>\n",
       "      <td>0.540763</td>\n",
       "      <td>0.486354</td>\n",
       "      <td>0.331408</td>\n",
       "      <td>0.408844</td>\n",
       "      <td>0.076537</td>\n",
       "      <td>-0.159402</td>\n",
       "      <td>1.000000</td>\n",
       "      <td>0.831910</td>\n",
       "      <td>0.399874</td>\n",
       "      <td>-0.290719</td>\n",
       "      <td>-0.203784</td>\n",
       "      <td>0.565768</td>\n",
       "      <td>0.434024</td>\n",
       "      <td>-0.576736</td>\n",
       "      <td>-0.464701</td>\n",
       "      <td>0.416958</td>\n",
       "    </tr>\n",
       "    <tr>\n",
       "      <th>TRB</th>\n",
       "      <td>0.467611</td>\n",
       "      <td>0.572870</td>\n",
       "      <td>0.147461</td>\n",
       "      <td>0.217249</td>\n",
       "      <td>0.202090</td>\n",
       "      <td>0.069056</td>\n",
       "      <td>0.831910</td>\n",
       "      <td>1.000000</td>\n",
       "      <td>0.216274</td>\n",
       "      <td>-0.224135</td>\n",
       "      <td>-0.050802</td>\n",
       "      <td>0.473173</td>\n",
       "      <td>0.182296</td>\n",
       "      <td>-0.516892</td>\n",
       "      <td>-0.304860</td>\n",
       "      <td>0.319640</td>\n",
       "    </tr>\n",
       "    <tr>\n",
       "      <th>AST</th>\n",
       "      <td>0.737667</td>\n",
       "      <td>0.441274</td>\n",
       "      <td>0.660595</td>\n",
       "      <td>0.423922</td>\n",
       "      <td>0.241294</td>\n",
       "      <td>-0.180733</td>\n",
       "      <td>0.399874</td>\n",
       "      <td>0.216274</td>\n",
       "      <td>1.000000</td>\n",
       "      <td>0.238278</td>\n",
       "      <td>-0.043600</td>\n",
       "      <td>0.663081</td>\n",
       "      <td>0.678809</td>\n",
       "      <td>-0.008467</td>\n",
       "      <td>-0.206313</td>\n",
       "      <td>0.333214</td>\n",
       "    </tr>\n",
       "    <tr>\n",
       "      <th>STL</th>\n",
       "      <td>0.109194</td>\n",
       "      <td>-0.008405</td>\n",
       "      <td>0.171814</td>\n",
       "      <td>-0.075682</td>\n",
       "      <td>0.176224</td>\n",
       "      <td>0.069711</td>\n",
       "      <td>-0.290719</td>\n",
       "      <td>-0.224135</td>\n",
       "      <td>0.238278</td>\n",
       "      <td>1.000000</td>\n",
       "      <td>0.277439</td>\n",
       "      <td>0.078069</td>\n",
       "      <td>0.076714</td>\n",
       "      <td>0.824234</td>\n",
       "      <td>0.267884</td>\n",
       "      <td>0.152242</td>\n",
       "    </tr>\n",
       "    <tr>\n",
       "      <th>PF</th>\n",
       "      <td>-0.045813</td>\n",
       "      <td>0.072880</td>\n",
       "      <td>-0.133616</td>\n",
       "      <td>-0.049518</td>\n",
       "      <td>0.008187</td>\n",
       "      <td>0.040568</td>\n",
       "      <td>-0.203784</td>\n",
       "      <td>-0.050802</td>\n",
       "      <td>-0.043600</td>\n",
       "      <td>0.277439</td>\n",
       "      <td>1.000000</td>\n",
       "      <td>0.031013</td>\n",
       "      <td>-0.131171</td>\n",
       "      <td>0.239596</td>\n",
       "      <td>0.810702</td>\n",
       "      <td>-0.178424</td>\n",
       "    </tr>\n",
       "    <tr>\n",
       "      <th>PTS</th>\n",
       "      <td>0.888550</td>\n",
       "      <td>0.671284</td>\n",
       "      <td>0.663323</td>\n",
       "      <td>0.704784</td>\n",
       "      <td>0.093086</td>\n",
       "      <td>-0.374102</td>\n",
       "      <td>0.565768</td>\n",
       "      <td>0.473173</td>\n",
       "      <td>0.663081</td>\n",
       "      <td>0.078069</td>\n",
       "      <td>0.031013</td>\n",
       "      <td>1.000000</td>\n",
       "      <td>0.828100</td>\n",
       "      <td>-0.281883</td>\n",
       "      <td>-0.239813</td>\n",
       "      <td>0.476265</td>\n",
       "    </tr>\n",
       "    <tr>\n",
       "      <th>eFG%</th>\n",
       "      <td>0.752593</td>\n",
       "      <td>0.263452</td>\n",
       "      <td>0.844710</td>\n",
       "      <td>0.717416</td>\n",
       "      <td>-0.040001</td>\n",
       "      <td>-0.542842</td>\n",
       "      <td>0.434024</td>\n",
       "      <td>0.182296</td>\n",
       "      <td>0.678809</td>\n",
       "      <td>0.076714</td>\n",
       "      <td>-0.131171</td>\n",
       "      <td>0.828100</td>\n",
       "      <td>1.000000</td>\n",
       "      <td>-0.159565</td>\n",
       "      <td>-0.285566</td>\n",
       "      <td>0.636454</td>\n",
       "    </tr>\n",
       "    <tr>\n",
       "      <th>OTOV%</th>\n",
       "      <td>-0.220829</td>\n",
       "      <td>-0.292284</td>\n",
       "      <td>-0.043753</td>\n",
       "      <td>-0.258458</td>\n",
       "      <td>0.062992</td>\n",
       "      <td>0.113222</td>\n",
       "      <td>-0.576736</td>\n",
       "      <td>-0.516892</td>\n",
       "      <td>-0.008467</td>\n",
       "      <td>0.824234</td>\n",
       "      <td>0.239596</td>\n",
       "      <td>-0.281883</td>\n",
       "      <td>-0.159565</td>\n",
       "      <td>1.000000</td>\n",
       "      <td>0.347613</td>\n",
       "      <td>0.015229</td>\n",
       "    </tr>\n",
       "    <tr>\n",
       "      <th>OFT/FGA</th>\n",
       "      <td>-0.268987</td>\n",
       "      <td>-0.193837</td>\n",
       "      <td>-0.212714</td>\n",
       "      <td>-0.256452</td>\n",
       "      <td>0.015446</td>\n",
       "      <td>0.154286</td>\n",
       "      <td>-0.464701</td>\n",
       "      <td>-0.304860</td>\n",
       "      <td>-0.206313</td>\n",
       "      <td>0.267884</td>\n",
       "      <td>0.810702</td>\n",
       "      <td>-0.239813</td>\n",
       "      <td>-0.285566</td>\n",
       "      <td>0.347613</td>\n",
       "      <td>1.000000</td>\n",
       "      <td>-0.218410</td>\n",
       "    </tr>\n",
       "    <tr>\n",
       "      <th>W</th>\n",
       "      <td>0.421540</td>\n",
       "      <td>-0.026416</td>\n",
       "      <td>0.635589</td>\n",
       "      <td>0.306335</td>\n",
       "      <td>0.073608</td>\n",
       "      <td>-0.217887</td>\n",
       "      <td>0.416958</td>\n",
       "      <td>0.319640</td>\n",
       "      <td>0.333214</td>\n",
       "      <td>0.152242</td>\n",
       "      <td>-0.178424</td>\n",
       "      <td>0.476265</td>\n",
       "      <td>0.636454</td>\n",
       "      <td>0.015229</td>\n",
       "      <td>-0.218410</td>\n",
       "      <td>1.000000</td>\n",
       "    </tr>\n",
       "  </tbody>\n",
       "</table>\n",
       "</div>"
      ],
      "text/plain": [
       "               FG       FGA       FG%        3P        2P       2PA       DRB  \\\n",
       "FG       1.000000  0.726825  0.771789  0.452113  0.447535 -0.035679  0.540763   \n",
       "FGA      0.726825  1.000000  0.125149  0.446355  0.205933  0.000007  0.486354   \n",
       "FG%      0.771789  0.125149  1.000000  0.241669  0.454538 -0.053478  0.331408   \n",
       "3P       0.452113  0.446355  0.241669  1.000000 -0.595014 -0.865031  0.408844   \n",
       "2P       0.447535  0.205933  0.454538 -0.595014  1.000000  0.835056  0.076537   \n",
       "2PA     -0.035679  0.000007 -0.053478 -0.865031  0.835056  1.000000 -0.159402   \n",
       "DRB      0.540763  0.486354  0.331408  0.408844  0.076537 -0.159402  1.000000   \n",
       "TRB      0.467611  0.572870  0.147461  0.217249  0.202090  0.069056  0.831910   \n",
       "AST      0.737667  0.441274  0.660595  0.423922  0.241294 -0.180733  0.399874   \n",
       "STL      0.109194 -0.008405  0.171814 -0.075682  0.176224  0.069711 -0.290719   \n",
       "PF      -0.045813  0.072880 -0.133616 -0.049518  0.008187  0.040568 -0.203784   \n",
       "PTS      0.888550  0.671284  0.663323  0.704784  0.093086 -0.374102  0.565768   \n",
       "eFG%     0.752593  0.263452  0.844710  0.717416 -0.040001 -0.542842  0.434024   \n",
       "OTOV%   -0.220829 -0.292284 -0.043753 -0.258458  0.062992  0.113222 -0.576736   \n",
       "OFT/FGA -0.268987 -0.193837 -0.212714 -0.256452  0.015446  0.154286 -0.464701   \n",
       "W        0.421540 -0.026416  0.635589  0.306335  0.073608 -0.217887  0.416958   \n",
       "\n",
       "              TRB       AST       STL        PF       PTS      eFG%     OTOV%  \\\n",
